.Random.seed <-
c(10403L, 10L, -2081449493L, -1381414263L, -947396072L, 1188448582L, 
-262936671L, 2120870451L, -2108242014L, -161201516L, -878405353L, 
-1357707507L, -1302348252L, 1487906314L, -1441063051L, -390731057L, 
1786375638L, 1152721280L, 499120579L, -31412383L, -1914759728L, 
-1888123602L, 1963062489L, 164531947L, 54569818L, 1329777948L, 
-657519585L, 585838709L, -1936511732L, -216465182L, 1122830781L, 
524373559L, 1008362718L, -1585487848L, -796926085L, 889978649L, 
340394920L, -1806077098L, -1848759343L, -1929003133L, -216020462L, 
1643216292L, 178669927L, -1412704579L, -782008780L, -1278188134L, 
1129824741L, -1377014401L, 1079641350L, 1490558608L, -955607245L, 
-277027631L, -1321623936L, -1280612514L, 775308457L, -1390692517L, 
1896418666L, -365953012L, 1544812623L, -1752600315L, 895273404L, 
206904466L, -1785305203L, -941236281L, 881640622L, 1189045512L, 
1870910219L, 1386986985L, -79557960L, -311784090L, -266598911L, 
-775262061L, -1254552766L, -638008076L, 516305143L, -67049235L, 
260164484L, 1903904170L, 1911184149L, 604015023L, 1183418806L, 
4452320L, 1815019299L, -1192873919L, 2055498544L, 150675790L, 
-1334717511L, -1146485301L, 1472738938L, -92144772L, 1422185407L, 
1737751701L, -868777300L, -475815806L, 302657629L, -1275001001L, 
464534078L, 388943480L, 886992219L, -2067571527L, -1229441784L, 
1366276022L, -1365353231L, 1495300899L, 516291954L, -1114843196L, 
-2026425465L, -165584547L, -1613521068L, 1866818938L, 2066129093L, 
-1091247585L, -971643482L, 2147370800L, -1238839853L, -1038402575L, 
-723518176L, -1040131138L, -1698737207L, 863478651L, -514277046L, 
-1426502228L, -1005389649L, -742178203L, 1318418972L, 617215090L, 
-1254741267L, -1442007257L, -2011729074L, -79627352L, 1315241899L, 
216566985L, 1317117144L, 701718918L, -1131726751L, -889832973L, 
-2106791838L, -1565090092L, 950224855L, -675539507L, 1704587620L, 
1269871946L, -1516325707L, 1615123471L, -1914524394L, 1502173120L, 
-1048312957L, 1811345825L, 626187664L, -1030033810L, 1729779737L, 
-485587797L, 863639706L, 1047939164L, -1180367521L, -588296395L, 
-215383348L, -2134360030L, -360248707L, -324493449L, 1878773918L, 
-1602760872L, -1154639173L, 373974105L, -316440600L, 985147926L, 
-2003030639L, -125553085L, -1667005102L, -990041628L, -1242265561L, 
-1861725059L, -911943308L, 1255085402L, 366699429L, -283372609L, 
-711303098L, 1009708752L, 825055475L, -52072943L, -1055180736L, 
531377182L, 936545001L, -1439387621L, -606603222L, 202304332L, 
-1003697905L, 1088568389L, -354173444L, 241282130L, -1556763187L, 
-1248940153L, 1862503022L, 1171614280L, -1181811637L, -708813399L, 
-253210376L, 1931105318L, 2133038401L, 2011751123L, -1556698494L, 
-1273573196L, -1679769545L, 200856365L, -1719465916L, 1752593770L, 
815391189L, 14571375L, -796193162L, -83557984L, -1053997469L, 
137027329L, 999943792L, -606615026L, -1031552391L, 2121649675L, 
467230522L, -1344182724L, 197299583L, -1860608299L, 672165612L, 
-984981438L, -1628207203L, 1761220119L, -745526402L, 1324886328L, 
-106215909L, -1254619271L, 1854833096L, 173114848L, -1203045854L, 
427259176L, 1702423820L, 2082473532L, 1984633074L, 1716471536L, 
-2119033020L, 1703970392L, -285185478L, 1376145136L, 1593047228L, 
1416542740L, -1481212734L, -1174696864L, 1266724220L, -139331376L, 
-619647966L, 1787094696L, -1447974004L, -1676618308L, 1800676402L, 
-1591161024L, 1130308788L, 599662408L, 1322603194L, 777207568L, 
-2119645972L, -1195832236L, 619065106L, -2096201824L, -2077146164L, 
1917786976L, 1273758914L, -299139544L, -589316692L, 1941367612L, 
-1276422286L, 1510129456L, 59479588L, -1773474760L, -906565414L, 
1308032400L, -567633156L, -1979464812L, -334487742L, -2107431424L, 
1205268028L, 265900624L, -2012692830L, 856058696L, -310943220L, 
-1862690596L, -889546158L, -475907968L, -824515756L, -438252056L, 
-484438278L, -345109680L, 1066961964L, 808081780L, -1844341102L, 
-1473675680L, 435820172L, -36415648L, 926245602L, 853381288L, 
-1939612468L, 374518268L, -1856469070L, 258746864L, -1120692796L, 
-590220456L, -1199812742L, -2057132624L, 2087042492L, -1533465516L, 
1809903554L, -1647069408L, 1541194684L, -1791656368L, -1569244702L, 
-1899485848L, 2001671500L, 1955257596L, -1490042126L, -407377152L, 
-2007478668L, -1237107704L, 2122566074L, 216255440L, -1947789844L, 
-1163173996L, -260878638L, -1535301024L, 583488844L, -1980747488L, 
-1659435390L, 2121057768L, 1837997036L, 506395196L, 247162482L, 
-1563829392L, -893429468L, 1062554168L, -1908618854L, 482504144L, 
1605447100L, -2043132780L, -1571843966L, 647271872L, 1831601980L, 
1351194768L, -1018598622L, 1074733576L, -1040686836L, 166554012L, 
493083154L, 296288128L, -1548807404L, 648771880L, -1367490502L, 
-149818416L, 210421356L, 1967534644L, -2078157166L, 991800672L, 
-909745844L, -236465184L, 1572659618L, -2145640024L, 1752055436L, 
1140921788L, -563781006L, 172133360L, -358008252L, -521543592L, 
-472886214L, -2138039184L, 924206140L, 33447188L, 853361346L, 
479803104L, 287145084L, 1209475792L, 1869791650L, -132647896L, 
-1093699828L, -56285764L, -1290287310L, -1708110144L, 1337632820L, 
141643464L, -235984710L, 470090384L, -1589819668L, 450056788L, 
-1399255406L, -888400608L, -1281376820L, 330067680L, 832666818L, 
875977768L, 1375650732L, 2062878396L, -1232893966L, 340488752L, 
-1090077788L, 232613304L, -943970470L, 455891088L, 1672341372L, 
-797047532L, -1902460606L, 137895168L, 1258160572L, -658383536L, 
-837301982L, 504623688L, 282786828L, -736251300L, -703293998L, 
799882752L, 665309524L, 1437254888L, 398711034L, 1349243600L, 
401055532L, 1320140020L, -1744538222L, -380401312L, 187582476L, 
43886816L, -1968961950L, 1043411112L, 942708812L, -1942341764L, 
1466760498L, 628289136L, -651851964L, 661449688L, 700116858L, 
1224344624L, 773996476L, -1917609388L, 1062301762L, 407836320L, 
-160331076L, 609888208L, 1229154658L, -1797502232L, -505441076L, 
533645820L, 1338036722L, -1569533824L, -2085220876L, -1937225080L, 
-1015568582L, -295265968L, -328673172L, 1806624148L, 1203711058L, 
1379054048L, 1079148748L, 1939638944L, -1431031422L, -292817688L, 
54821626L, 1057966895L, 2011419449L, -2080864946L, 1343419292L, 
-542869235L, 640605047L, 940093312L, 490110430L, 571204267L, 
2058935725L, -1500515814L, 1711555800L, 1943316801L, -1286680077L, 
-200837100L, -116933214L, 1291205303L, 484496513L, 642262150L, 
-1017929532L, -651641355L, -98867105L, -726666568L, 591956886L, 
-935355997L, 1782549861L, 1513073794L, -1957034512L, -1608608871L, 
-1256139381L, 823427196L, 285115050L, -1271538465L, -823248279L, 
1132001406L, 1288732780L, 153426109L, 442247559L, -1432363664L, 
-1379014642L, 443893051L, 316140061L, 874327754L, -878474776L, 
1317494481L, -1916618045L, -1996672572L, 972412530L, 2038269767L, 
1723807505L, 1594337942L, -1256140812L, 1013840261L, -1340484401L, 
320433608L, -1026751386L, 106701459L, -647804427L, -449477678L, 
1706694688L, 1378923017L, -1086403781L, -411140468L, -696724710L, 
-1368943217L, 1467771609L, 1135945070L, 896207100L, 1422791277L, 
417926679L, 615877600L, -1125017666L, 578979211L, -274721267L, 
-1314223558L, -1449573768L, -1342952927L, -1423325997L, -256818188L, 
-1172151166L, 131116311L, -276251679L, -1458352858L, 588237860L, 
1449526997L, -1545330049L, 1350710040L, -1044944330L, -356299581L, 
265363717L, 40401058L, -1170927984L, 1888741945L, -126979349L, 
-196602916L, -2076051958L, 1102850303L, 1339690313L, -1800732962L, 
339092620L, -1604676515L, -2081912217L, 441774992L, 1925863342L, 
1303721563L, 1164773949L, -1491870550L, -1706087096L, 2124206449L, 
723482339L, -1567351324L, 1588302098L, 259976423L, 814406321L, 
2035433718L, 140495636L, -725720027L, 1257226543L, 239908584L, 
64832454L, 1290548851L, -1074243371L, -1102036302L, 1119816320L, 
1846471273L, 2146451163L, 112466476L, -1182092742L, -1411564305L, 
-7106695L, -1851386866L, 1483655644L, 1464437325L, 1413323191L, 
39302976L, -507064802L, 1019181291L, -10278803L, -1382170406L, 
1812947096L, -334522623L, 448322739L, -999024684L, 904819426L, 
